20 68
2493 1983 418 8030 8420 262 2661 1723 441 3973 8306 672 5113 8565 5370 6296 3758 9266 642 3317 1271 4548 3888 5098 4723 8463 6421 919 1567 1087 159 5631 9813 8764 5760 4677 5014 8392 910 9949 1395 2462 2383 4433 6981 4062 7947 6129 5059 3572 6722 4204 6825 1271 9073 2852 2558 2567 9648 830 1155 5075 9631 7126 390 9258 6830 5755
2718 6849 4672 5120 3992 3783 3711 9929 4912 6840 1745 6131 7570 5734 1117 1833 1921 4856 4321 9676 9539 1399 1484 8633 4477 9071 5830 5702 3606 9134 5717 457 1248 2961 4334 7931 5467 2860 668 7797 5849 360 7815 320 5127 3686 7243 2039 9478 8647 97 6657 4855 9649 9133 9109 9179 51 7387 3267 2753 3590 2165 6257 1726 1087 5443 4861
1960 9151 4287 1958 3141 114 7368 3495 5474 4892 6175 8935 3821 3018 2027 663 6600 6540 2458 317 9311 7022 3090 2509 5025 7358 3575 8912 6680 2617 8701 8170 8520 6643 8260 9612 6540 3624 1770 1236 260 6349 6641 4920 682 5375 890 4346 1775 5825 3977 3600 5331 1023 1883 6900 1526 4697 5006 2458 44 5973 9966 5897 9100 3856 8932 1241
2210 446 2542 9903 5040 4582 5027 669 7196 156 2623 6137 6288 5791 8864 3579 4104 5124 2867 692 7263 9402 9170 9212 7158 6608 252 1867 6561 3840 5306 610 2717 2164 1364 6639 9276 5652 5375 5141 1910 8829 8317 248 4951 9252 4952 8160 8900 4427 5298 8916 1152 4796 6438 9776 4770 7006 5730 5681 2668 4178 9041 4761 7033 2397 70 9367
6335 5146 9382 5578 4771 9893 4223 6674 1483 3556 2726 8527 9395 6064 8589 7387 6013 3734 4835 3028 1033 6683 7727 2723 8095 6981 4452 4023 540 6792 651 6793 3493 8187 6403 7499 7137 8881 1745 1188 8511 582 5329 9146 1672 9198 2309 2701 8574 8603 44 6131 5505 2184 2726 4161 2420 8895 8510 2000 5022 3028 5254 8402 1928 9426 3448 4708
1770 8353 7443 5348 7567 6740 8562 7767 8220 5026 6184 2234 9469 1321 5404 4529 9153 7089 2366 6941 4129 1095 844 5583 8672 816 6182 4462 6729 3047 5184 9287 2839 7904 3037 6492 9088 2970 881 5417 7934 6773 94 4145 3236 3336 1909 1945 4348 2005 3444 3791 612 9287 3738 4941 6089 1899 5897 6021 6887 2764 3934 1603 5918 4159 5399 7738
2420 4746 3397 6407 6117 9697 4078 7373 8323 5628 8211 384 4869 4574 7911 3221 8167 3710 2130 3524 8276 49 7012 4909 5303 1822 9677 302 7989 772 6560 7987 5813 2072 9878 8329 4474 1087 8331 1637 7081 8710 617 135 5900 9467 2874 9521 1999 9133 3619 8065 2645 1071 2301 3738 8781 3000 49 2310 7439 8433 3705 1919 6423 9480 6749 2055
1121 263 3201 7440 5770 2624 3091 9765 4030 8386 599 2763 6217 4857 8456 8578 3013 2800 4693 5899 8034 8606 342 2836 4062 4858 9178 9998 315 6039 3092 1740 579 8575 9197 6065 4553 6943 7252 6124 7258 67 8507 8802 3837 4713 9551 8356 9603 5104 7271 5566 7678 478 3503 5371 9058 4798 476 8467 2457 5346 642 4819 3772 9407 6980 9576
7502 774 2377 4341 4986 274 9173 9270 6783 7064 2468 3976 9045 9881 3276 7694 6239 9988 137 1686 5033 34 256 9351 6726 5528 3794 2007 8035 8173 7370 818 2594 2752 5398 7829 8024 1805 332 1585 5883 4806 5429 5296 4376 1060 6107 8019 6146 8039 8504 1834 6000 9378 6329 458 5904 9247 9597 7304 7105 2317 1342 3418 1714 1045 903 8281
8587 4486 4872 8943 872 5362 9312 5452 5036 4601 9316 3059 3737 5062 4521 4147 7376 8674 1661 5374 1677 3693 7757 7988 1129 1317 28 1785 649 3353 1137 5672 297 5177 840 322 392 690 7651 866 6874 8497 6613 112 9254 1024 1761 5241 5988 796 4377 3468 4642 588 635 4620 6658 6678 4716 1106 9097 6905 6003 8256 8181 7769 1437 482
1989 7279 6636 1238 2146 2771 1865 7257 6846 5420 1453 13 67 5650 7757 9891 4299 6187 3250 1040 6650 1941 6849 7353 660 8463 3056 2572 8675 3183 5021 9963 2119 6147 5113 9550 9511 9478 9092 3357 4569 7276 2483 1639 9249 174 237 5575 9055 1274 3277 4373 468 2675 8028 7278 2847 4320 7511 3436 9619 9372 5108 5089 6141 2844 4586 2066
4037 2702 2475 8052 4385 5152 1393 1579 4579 8336 5409 7230 6222 1165 1047 5021 3884 6482 10 8413 7071 299 2237 3949 260 1319 366 7961 8322 7453 9212 8331 7198 8562 6347 1768 2161 7136 2380 9572 8506 1136 2023 7353 2021 5708 9546 6670 9072 2994 4708 9073 8655 1756 7761 5491 1250 1042 4624 6465 1833 4587 5807 1169 6873 5205 5199 5708
7672 850 7299 3640 4887 6605 3983 4217 1578 9282 4418 6287 4617 3875 4190 8352 6825 3578 2265 7723 4650 7585 6864 4265 8755 3390 3843 6689 7348 2810 3680 1859 4598 3446 5660 85 8985 9805 351 1879 8923 796 3962 4120 5508 2820 681 6129 4716 182 1588 8590 3924 7028 1227 811 72 7538 5447 4279 9315 3589 6591 2988 525 1607 4630 3492
7467 2830 5344 177 6996 3691 9135 3697 3138 5555 6565 3060 9366 5516 9224 4314 3945 2478 7006 1328 5675 5237 5404 6609 9872 1783 8893 2643 6947 1548 9032 6724 8408 4804 8336 4729 7641 5940 3548 1830 5311 9839 4377 585 1722 3063 6324 9403 991 4077 8656 6828 4362 9225 1152 9629 2525 3665 5702 5156 9263 9015 1345 928 1291 1884 3857 6936
1609 47 3469 8608 6234 5459 6813 924 6637 5831 1696 6642 2745 8997 5783 4101 3837 6771 2790 2572 7183 7541 2290 5635 6779 9284 1706 5532 7003 7256 1594 3980 8557 3046 7824 7406 6520 4236 6723 7080 2868 6366 1805 7101 8299 1439 3151 5718 710 9677 3069 7951 165 3745 4086 9975 2705 7164 7904 8245 7836 1139 6388 8822 7047 6504 8192 4877
3190 21 7113 2835 3081 6739 768 127 8150 2638 683 33 498 4274 7399 1560 4193 4644 6674 4848 4159 6995 5389 5055 7492 783 8239 207 4550 6518 8812 957 9671 8697 1147 2752 3846 8558 363 3353 4200 860 3454 1181 7622 1425 3844 2477 8397 4638 5795 7709 2167 2648 7265 236 1075 470 2301 2659 7440 3717 6575 8862 5795 8178 2142 2179
5642 2957 22 2689 9758 1401 1698 9078 5412 6524 3126 3057 8314 154 7347 6795 1658 7524 4292 6338 5100 1510 8886 6486 1001 3260 1033 5089 7802 8408 3576 7241 2850 606 6834 2329 9541 6589 804 9420 6103 9497 8623 8940 5885 9655 7382 1123 1470 4557 4887 4197 7484 2248 3462 7775 9421 4839 4391 9419 8336 1364 9078 4846 3762 1702 5543 4747
9670 5784 1318 3686 837 4800 6369 9044 9458 3631 2111 491 4344 6211 5122 2926 7553 8059 6652 8395 5793 2677 1510 4911 6450 1054 2438 2684 574 5976 8550 699 7673 5374 8941 9134 9660 1423 5054 5572 3788 4606 7900 5479 6930 4483 8729 9923 6037 1348 4236 5996 2118 5526 9909 7907 7600 3516 7599 9225 9387 2690 5914 9222 2485 8783 4533 8807
1527 2883 6024 4005 37 7135 1270 7448 9784 900 7090 864 5074 1552 7151 4009 9304 6672 9763 8030 3651 6820 8661 3721 210 636 5347 7633 4446 6463 4106 1526 4298 7231 3282 3106 5771 7803 8901 8541 7368 6519 9250 9708 8208 5141 1488 1647 7164 3931 3902 8183 2873 1068 9881 6204 6958 8138 2219 1533 5303 5899 8833 1894 4739 7050 3487 4920
4963 5227 7627 1681 8048 1931 1904 8696 388 5614 8498 3903 4417 9650 7814 4553 9943 8393 5673 7490 7451 3052 9557 4802 8209 1605 5039 296 8523 9452 5954 4774 7994 56 4438 573 4100 7256 9409 8348 7972 3502 4584 1554 8689 709 9642 6605 5944 2957 604 9172 3419 2764 8043 9601 7723 5128 4208 2897 229 6082 2655 1274 1649 4968 6483 9703
